0.000000000000000000e+00
1.311492389982322038e+03
9.273651624310521129e+02
7.571904843964392740e+02
6.557461949911610191e+02
5.865172271948272282e+02
5.354145261666488977e+02
4.956975300352802947e+02
4.636825812155260564e+02
4.371641299941073839e+02
4.147303086321933279e+02
3.954298339070746806e+02
3.785952421982196370e+02
3.637425430355443723e+02
3.505110849053690458e+02
3.386258790052864356e+02
3.278730974955805095e+02
3.180836265347566609e+02
3.091217208103507232e+02
3.008769891134513728e+02
2.932586135974136141e+02
2.861911024025016559e+02
2.796111170391626501e+02
2.734650672374764895e+02
2.677072630833244489e+02
2.622984779964643849e+02
2.572048187864730266e+02
2.523968281321464531e+02
2.478487650176401473e+02
2.435380228743973134e+02
2.394446553298934077e+02
2.355509868085918015e+02
2.318412906077630282e+02
2.283015210518585718e+02
2.249190893071356641e+02
2.216826746875260596e+02
2.185820649970536920e+02
2.156080207717764665e+02
2.127521593051125137e+02
2.100068551372906143e+02
2.073651543160966639e+02
2.048207002318180798e+02
2.023676692240625812e+02
2.000007144743949539e+02
1.977149169535373403e+02
1.955057423982757712e+02
1.933690034612547777e+02
1.913008263143248371e+02
1.892976210991098185e+02
1.873560557117602912e+02
1.854730324862103998e+02
1.836456674046541480e+02
1.818712715177721861e+02
1.801473343023857865e+02
1.784715087222162992e+02
1.768415977895340347e+02
1.752555424526845229e+02
1.737114106576152892e+02
1.722073874512508667e+02
1.707417660114364821e+02
1.693129395026432178e+02
1.679193936690733437e+02
1.665597000875382889e+02
1.652325100117600698e+02
1.639365487477902548e+02
1.626706105072240121e+02
1.614335536909725306e+02
1.602242965616630670e+02
1.590418132673783305e+02
1.578851301835161678e+02
1.567533225431211008e+02
1.556455113291839893e+02
1.545608604051753616e+02
1.534985738625260296e+02
1.524578935659331194e+02
1.514380968792878548e+02
1.504384945567256864e+02
1.494584287848137194e+02
1.484972713632391219e+02
1.475544220125665049e+02
1.466293067987068071e+02
1.457213766647024613e+02
1.448301060612956235e+02
1.439549916685199662e+02
1.430955512012508279e+02
1.422513222922743523e+02
1.414218614469991451e+02
1.406067430644424974e+02
1.398055585195813251e+02
1.390179153025735843e+02
1.382434362107310903e+02
1.374817585894656986e+02
1.367325336187382447e+02
1.359954256418224929e+02
1.352701115334490112e+02
1.345562801046282857e+02
1.338536315416622244e+02
1.331618768770475469e+02
1.324807374901502897e+02
1.318099446356915507e+02
1.311492389982321924e+02
1.304983702709793079e+02
1.298570967573602672e+02
1.292251849939245290e+02
1.286024093932365133e+02
1.279885519055194294e+02
1.273834016978969146e+02
1.267867548501616284e+02
1.261984140660732265e+02
1.256181883992577184e+02
1.250458929928434912e+02
1.244813488320275638e+02
1.239243825088200737e+02
1.233748259982649529e+02
1.228325164454808629e+02
1.222972959629096010e+02
1.217690114371986567e+02
1.212475143451814716e+02
1.207326605784535047e+02
1.202243102760731404e+02
1.197223276649467039e+02
1.192265809074838359e+02
1.187369419561351975e+02
1.182532864144477998e+02
1.177754934042959007e+02
1.173034454389654542e+02
1.168370283017896725e+02
1.163761309300509907e+02
1.159206453038815141e+02
1.154704663399094073e+02
1.150254917894137492e+02
1.145856221407634905e+02
1.141507605259292859e+02
1.137208126308686644e+02
1.132956866095963733e+02
1.128752930017621452e+02
1.124595446535678320e+02
1.120483566418653538e+02
1.116416462012851269e+02
1.112393326542532890e+02
1.108413373437630298e+02
1.104475835687732825e+02
1.100579965221136121e+02
1.096725032307820413e+02
1.092910324985268460e+02
1.089135148506102126e+02
1.085398824806563027e+02
1.081700691994913370e+02
1.078040103858882333e+02
1.074416429391324215e+02
1.070829052333297824e+02
1.067277370733818174e+02
1.063760796525562569e+02
1.060278755115855489e+02
1.056830684992284830e+02
1.053416037342335017e+02
1.050034275686453071e+02
1.046684875523987159e+02
1.043367323991473654e+02
1.040081119532759146e+02
1.036825771580483320e+02
1.033600800248456864e+02
1.030405736034502269e+02
1.027240119533335303e+02
1.024103501159090399e+02
1.020995440877110099e+02
1.017915507944634186e+02
1.014863280660041340e+02
1.011838346120312906e+02
1.008840299986401448e+02
1.005868746256202826e+02
1.002923297044838051e+02
1.000003572371974769e+02
9.971091999559176600e+01
9.942398150142186353e+01
9.913950600705605609e+01
9.885745847676867015e+01
9.857780456861493690e+01
9.830051061686688740e+01
9.802554361498950186e+01
9.775287119913788558e+01
9.748246163215658555e+01
9.721428378806307080e+01
9.694830713699823832e+01
9.668450173062738884e+01
9.642283818797577055e+01
9.616328768168355623e+01
9.590582192466570177e+01
9.565041315716241854e+01
9.539703413416722810e+01
9.514565811321921274e+01
9.489625884254733990e+01
9.464881054955490924e+01
9.440328792963248361e+01
9.415966613528846096e+01
9.391792076558652980e+01
9.367802785588014558e+01
9.343996386783359753e+01
9.320370567972089759e+01
9.296923057699308401e+01
9.273651624310519992e+01
9.250554075059459080e+01
9.227628255240242083e+01
9.204872047343070562e+01
9.182283370232707398e+01
9.159860178349042314e+01
9.137600460929010637e+01
9.115502241249217263e+01
9.093563575888609307e+01
9.071782554010589195e+01
9.050157296663921613e+01
9.028685956101918464e+01
9.007366715119289324e+01
8.986197786406133048e+01
8.965177411918568851e+01
8.944303862265464033e+01
8.923575436110814962e+01
8.902990459591283923e+01
8.882547285748442789e+01
8.862244293975305709e+01
8.842079889476701737e+01
8.822052502743100888e+01
8.802160589037480065e+01
8.782402627894877867e+01
8.762777122634226146e+01
8.743282599882147110e+01
8.723917609108349325e+01
8.704680722172287233e+01
8.685570532880764461e+01
8.666585656556188155e+01
8.647724729615156036e+01
8.628986409157072046e+01
8.610369372562543333e+01
8.591872317101258716e+01
8.573493959549101362e+01
8.555233035814218567e+01
8.537088300571824107e+01
8.519058526907491569e+01
8.501142505968685725e+01
8.483339046624323032e+01
8.465646975132160890e+01
8.448065134813754185e+01
8.430592385736837002e+01
8.413227604404882243e+01
8.395969683453667187e+01
8.378817531354675907e+01
8.361770072125108300e+01
8.344826245044382063e+01
8.327985004376914446e+01
8.311245319101034568e+01
8.294606172643867126e+01
8.278066562622029778e+01
8.261625500588003490e+01
8.245282011782006748e+01
8.229035134889257108e+01
8.212883921802480813e+01
8.196827437389512738e+01
8.180864759265890029e+01
8.164994977572293067e+01
8.149217194756701588e+01
8.133530525361200603e+01
8.117934095813244255e+01
8.102427044221326469e+01
8.087008520174929060e+01
8.071677684548626530e+01
8.056433709310284996e+01
8.041275777333201802e+01
8.026203082212144579e+01
8.011214828083153350e+01
7.996310229447031759e+01
7.981488510996446450e+01
7.966748907446530836e+01
7.952090663368916523e+01
7.937513033029117082e+01
7.923015280227171786e+01
7.908596678141492475e+01
7.894256509175808390e+01
7.879994064809157805e+01
7.865808645448863956e+01
7.851699560286392909e+01
7.837666127156055040e+01
7.823707672396470514e+01
7.809823530714749040e+01
7.796013045053291535e+01
7.782275566459199467e+01
7.768610453956183903e+01
7.755017074418952916e+01
7.741494802450002055e+01
7.728043020258768081e+01
7.714661117543072066e+01
7.701348491372823446e+01
7.688104546075921064e+01
7.674928693126301482e+01
7.661820351034097598e+01
7.648778945237842208e+01
7.635803907998702300e+01
7.622894678296655968e+01
7.610050701728619060e+01
7.597271430408427761e+01
7.584556322868682798e+01
7.571904843964392740e+01
7.559316464778360967e+01
7.546790662528317739e+01
7.534326920475736244e+01
7.521924727836284319e+01
7.509583579691917521e+01
7.497302976904522609e+01
7.485082426031141267e+01
7.472921439240685970e+01
7.460819534232150829e+01
7.448776234154264841e+01
7.436791067526584698e+01
7.424863568161956096e+01
7.412993275090362033e+01
7.401179732484087026e+01
7.389422489584202935e+01
7.377721100628325246e+01
7.366075124779631267e+01
7.354484126057101889e+01
7.342947673266967001e+01
7.331465339935340353e+01
7.320036704241991288e+01
7.308661348955260451e+01
7.297338861368088203e+01
7.286068833235123066e+01
7.274850860710887446e+01
7.263684544289010603e+01
7.252569488742456372e+01
7.241505303064781174e+01
7.230491600412349840e+01
7.219527998047533401e+01
7.208614117282844802e+01
7.197749583425998310e+01
7.186934025725882691e+01
7.176167077319415455e+01
7.165448375179288121e+01
7.154777560062541397e+01
7.144154276460007225e+01
7.133578172546553731e+01
7.123048900132150152e+01
7.112566114613717616e+01
